100218 42 134
48032 57 72
10433 63 23
9426 53 29
62548 56 126
64558 51 100
52373 58 126
27171 58 0
72594 48 39
60276 55 153
81659 65 17
97896 50 50
92498 65 151
20327 50 72
103361 54 93
70146 31 1
20557 46 107
13653 54 66
11935 64 46
57127 66 144
51586 40 98
84145 64 32
48976 52 129
37071 43 11
50755 46 47
74927 67 24
90187 62 30
90191 56 85
35643 43 45
59019 50 108
99636 43 27
44150 65 160
33019 62 16
10515 42 27
39472 40 153
96856 40 77
71652 62 114
56412 60 49
20661 37 100
32549 30 7
45313 48 103
53907 42 164
94488 41 132
77098 52 84
64189 34 158
87314 47 84
14422 72 2
52159 43 87
71741 52 19
98570 46 147
58699 35 99
60584 48 80
71647 45 87
87351 33 121
98732 43 155
35596 46 76
18624 31 135
82473 58 13
39122 60 40
102075 29 8
29435 37 166
83188 58 30
82080 67 102
94955 39 155
34102 61 123
14728 48 61
14011 40 12
22629 56 32
74248 31 9
20919 53 45
8207 70 107
47819 38 124
53554 54 23
17590 39 122
102544 29 171
58938 43 147
51948 46 17
92676 68 137
70577 39 141
70586 74 47
95482 47 163
52146 69 94
38942 43 125